3056
3077
3066
3058
3046
3057
3062
3073
3068
3067
3073
3071
3032
3049
3044
3044
3028
3065
3077
3069
3054
3059
3077
3063
3070
3088
3065
3060
3043
3057
3049
3073
3055
3054
1065
254
251
251
252
252
3044
3080
3052
127
126
126
130
131
128
131
130
128
131
3049
3050
3097
3047
659
3063
3045
3073
149
148
148
150
147
147
149
147
3054
3069
3085
3063
3074
3054
3071
3064
159
158
157
158
158
159
158
160
163
167
169
167
164
164
163
163
165
164
167
167
172
3060
3055
3051
3060
168
170
168
169
168
169
169
170
174
3073
3069
3079
150
3060
324
324
325
326
110
204
110
203
327
3051
3069
3073
3060
3080
3069
3076
3070
3090
3058
107
111
112
114
109
3069
3052
104
3075
3064
3064
3077
3045
3042
10
3037
3046
8
3066
10
11
12
15
15
16
16
13
3063
3047
3052
12
20
17
17
18
18
17
17
17
17
17
17
17
17
17
17
17
17
17
17
17
18
18
17
18
18
18
18
18
18
18
9
9
9
9
9
18
19
19
17
17
17
17
17
17
17
20
3039
19
20
20
20
19
19
19
19
18
18
18
18
18
18
18
18
18
17
17
17
17
17
16
16
16
16
16
16
16
16
16
15
16
16
16
16
16
15
15
15
15
15
15
15
14
15
15
15
14
14
14
14
14
13
13
12
12
13
12
12
12
12
12
12
12
13
12
12
12
12
13
13
13
13
13
13
13
13
13
13
13
13
13
14
14
14
14
14
14
14
15
15
15
15
15
16
16
16
16
16
16
15
15
15
15
15
15
15
15
15
15
16
16
16
16
16
16
16
3040
14
16
3051
3072
27
3065
3082
3026
113
112
114
112
114
113
113
113
113
116
114
114
114
113
112
115
115
114
114
114
114
112
115
114
114
114
114
113
112
116
116
113
114
114
114
114
112
113
114
113
115
113
115
113
114
115
113
117
115
114
114
114
113
112
114
114
113
113
114
114
115
113
113
112
114
112
115
115
114
112
115
115
114
113
115
115
114
112
114
113
114
126
114
113
116
113
115
114
115
114
114
114
112
114
116
114
114
115
113
114
114
116
114
114
114
115
113
115
114
113
113
114
113
113
112
114
114
114
114
116
115
113
112
116
114
114
113
113
113
114
114
115
113
113
113
112
114
114
115
114
113
114
114
113
115
115
113
115
114
114
115
117
115
113
113
112
113
114
113
113
115
115
114
112
114
114
116
114
115
112
114
114
114
113
114
117
114
112
113
114
114
113
114
114
114
114
115
114
113
114
115
114
113
112
113
115
112
114
113
114
113
115
114
114
113
115
114
115
113
115
113
113
115
115
115
115
114
115
114
115
114
114
116
115
112
113
114
113
114
115
114
113
112
114
112
116
114
112
116
114
112
113
113
116
116
114
113
113
115
113
115
115
114
114
112
115
113
115
112
114
114
115
113
113
114
114
113
114
114
114
115
115
117
115
113
115
114
115
115
112
115
115
114
115
117
118
114
119
116
115
114
114
115
118
116
113
113
122
113
113
114
114
113
113
118
114
113
116
118
113
113
114
113
115
113
115
115
114
114
113
113
114
114
114
117
113
114
117
113
113
114
114
115
113
117
114
115
112
114
114
113
114
114
116
113
114
114
114
112
113
113
114
112
112
114
112
112
113
112
113
114
115
115
120
114
114
113
112
112
112
114
112
113
113
112
112
115
113
114
115
114
113
116
119
114
113
116
113
112
115
112
113
114
112
113
114
114
114
114
113
112
115
114
112
113
114
116
113
114
114
113
113
113
112
114
114
114
112
113
112
112
113
113
113
114
114
114
115
112
113
113
113
113
113
115
115
113
115
114
113
113
113
114
114
113
114
113
113
112
113
112
113
112
113
112
113
112
112
113
113
112
115
113
111
112
112
112
113
113
113
112
112
113
114
113
112
113
113
112
113
113
112
112
114
112
114
113
112
112
114
113
113
113
112
114
114
114
112
112
113
113
112
112
114
112
113
112
113
112
112
114
112
112
114
114
112
113
112
114
112
113
112
112
111
113
114
114
112
112
112
112
112
111
113
111
113
113
112
112
112
113
113
113
113
112
113
112
112
112
113
113
113
113
112
111
111
113
111
113
112
113
112
113
113
112
112
113
113
113
112
112
112
113
113
113
112
113
113
113
113
112
113
113
112
113
112
113
113
113
113
112
113
113
115
113
112
112
113
115
113
113
115
115
113
112
111
115
112
113
114
112
115
113
112
112
113
113
112
112
112
113
113
113
112
112
115
113
112
113
113
113
113
112
113
112
113
112
113
112
113
113
113
113
113
113
113
112
113
112
112
112
113
112
112
112
113
111
113
113
113
112
112
113
112
113
113
112
114
115
114
112
114
112
112
115
113
112
113
114
112
113
112
112
114
114
112
112
112
113
112
114
115
114
112
114
112
114
114
113
114
112
113
112
113
113
113
112
113
113
113
113
113
113
113
114
113
113
112
113
112
113
111
113
113
113
113
112
112
112
112
112
112
113
113
113
113
112
113
112
113
112
113
113
113
113
112
113
112
112
112
113
113
112
113
113
113
112
113
113
113
113
113
113
113
113
113
113
113
113
113
112
113
112
113
113
113
113
113
114
114
112
112
111
112
113
113
112
113
113
113
112
112
112
111
112
112
112
112
114
112
112
114
114
113
112
112
112
112
112
113
113
114
112
114
114
113
114
113
112
114
112
112
114
112
112
113
112
113
112
114
114
112
112
112
114
114
112
113
112
114
112
114
113
112
112
113
114
113
113
112
113
114
112
112
111
113
111
112
112
113
113
114
112
113
113
111
111
112
113
112
114
113
112
112
114
111
113
111
114
113
112
112
112
112
113
113
113
113
114
113
113
113
113
114
113
114
113
114
112
113
113
114
112
112
113
113
114
113
112
112
113
112
112
113
113
113
112
114
111
113
113
112
113
113
113
112
113
114
113
113
112
112
113
112
112
111
113
111
113
112
113
113
114
112
112
113
111
112
114
113
113
112
112
113
111
112
113
111
112
112
114
112
111
112
112
113
112
113
111
111
113
113
114
111
111
111
114
111
112
112
114
114
111
111
112
113
113
112
111
111
113
113
113
114
112
112
111
112
111
112
111
113
111
112
113
114
112
112
113
112
112
113
112
111
113
112
112
112
111
112
111
113
112
111
112
113
113
112
112
112
113
111
113
112
112
112
111
112
113
112
113
112
111
113
113
112
112
112
113
113
113
112
112
112
112
113
113
112
112
112
113
112
112
113
112
112
113
112
112
113
112
113
113
112
112
112
112
111
113
112
112
112
113
112
113
113
113
112
113
113
113
113
112
113
112
112
112
113
113
113
112
112
112
112
111
113
112
113
113
111
113
113
112
112
112
113
112
113
112
112
112
113
112
113
112
112
113
111
113
113
112
111
113
113
112
112
112
112
113
113
112
112
112
113
113
111
112
112
112
113
112
113
112
112
112
112
113
112
112
111
112
111
113
112
112
112
113
112
113
112
111
112
111
112
111
113
112
111
112
112
112
113
112
112
113
111
111
113
113
112
112
111
111
112
113
112
111
111
113
113
111
113
112
112
113
112
112
113
113
111
112
113
112
113
112
113
113
113
113
113
113
113
111
111
113
111
113
113
112
112
112
113
112
112
112
113
111
113
112
112
114
114
114
112
114
111
113
114
112
112
112
113
113
113
112
113
114
111
114
112
112
113
113
113
114
112
111
113
113
112
112
113
113
114
111
113
112
113
114
114
112
113
112
112
112
113
112
112
113
114
112
112
113
113
113
111
112
112
113
113
112
113
112
111
113
112
113
112
113
111
111
113
112
112
112
112
112
111
113
112
112
113
111
113
112
111
112
113
111
113
113
112
111
113
113
112
112
113
113
112
112
112
113
112
113
113
112
112
111
112
113
111
113
113
113
113
111
113
112
112
113
113
112
112
112
112
113
113
112
113
112
113
113
112
113
113
112
113
113
112
112
113
113
113
113
111
112
113
111
113
113
113
112
112
112
113
112
113
111
113
113
112
112
112
113
112
113
112
112
111
113
112
113
113
111
112
112
113
112
112
112
112
111
112
111
112
112
112
111
113
113
113
113
111
113
113
111
112
112
112
111
112
113
113
113
113
113
112
113
112
112
112
113
112
112
112
112
113
112
113
112
112
113
113
113
113
113
111
113
113
113
112
112
111
112
113
112
112
113
113
113
112
113
112
113
112
113
113
113
113
112
112
112
112
113
112
113
113
113
112
113
112
113
113
113
113
113
112
113
113
113
113
112
113
115
113
113
112
113
113
113
113
113
113
113
112
112
112
113
113
113
113
113
112
113
113
112
112
113
112
113
113
112
113
113
113
113
113
112
113
113
112
112
113
113
112
112
112
113
113
113
113
113
113
112
113
113
113
112
113
113
112
112
113
112
113
112
113
112
113
111
115
113
113
113
113
112
112
115
113
113
112
115
112
113
112
112
112
111
113
112
114
114
112
112
112
112
114
112
111
112
112
112
112
112
114
112
114
114
111
114
113
114
113
114
113
112
113
112
112
112
114
112
114
114
113
114
112
113
113
113
112
112
112
114
114
112
112
113
112
114
112
112
112
114
113
113
112
112
112
112
114
114
112
112
114
111
113
112
112
112
114
112
114
112
114
112
113
114
112
112
114
114
113
114
112
112
112
113
114
113
113
112
112
114
114
112
111
113
113
112
114
113
112
114
112
114
112
113
111
112
112
112
112
112
111
114
114
112
112
112
114
114
112
112
112
114
112
113
113
112
114
114
113
112
114
112
112
112
112
112
112
114
114
114
114
112
111
112
114
112
112
114
114
113
113
112
112
115
113
113
113
112
113
112
112
113
113
112
112
114
114
112
112
113
113
113
112
112
112
113
113
113
115
112
113
112
112
112
112
113
113
113
113
112
112
112
113
113
112
112
112
111
112
113
112
112
113
113
113
112
113
112
112
113
113
112
112
112
113
112
113
113
113
112
112
112
113
112
112
112
113
113
112
113
112
113
112
112
112
113
113
112
112
112
113
112
112
114
113
113
113
113
112
112
112
114
112
113
113
114
114
114
114
114
114
114
114
112
112
112
111
112
112
112
112
112
114
114
112
114
113
112
114
114
114
114
112
112
112
112
112
114
113
113
112
114
114
114
114
112
112
112
112
112
112
114
112
114
114
113
113
113
112
113
113
113
115
112
113
113
113
112
113
112
113
114
113
112
113
113
113
113
113
113
112
113
113
112
113
114
112
112
112
113
114
112
114
113
113
112
113
113
113
113
113
113
113
112
112
114
113
112
112
113
113
112
113
113
113
113
112
115
113
115
113
112
112
113
112
112
113
113
113
112
112
113
112
112
113
113
113
113
113
113
112
112
113
113
114
112
112
112
113
112
113
113
113
113
113
113
113
113
113
113
113
112
112
113
115
113
113
112
113
113
113
113
113
115
112
113
112
113
113
113
112
112
113
113
113
113
113
113
113
112
113
112
112
112
113
112
112
112
113
111
112
113
113
112
114
112
113
112
113
113
112
112
113
113
112
113
113
112
113
113
113
113
112
113
113
113
112
113
112
113
113
112
113
112
112
113
113
112
113
113
113
113
113
112
114
112
113
113
112
113
113
113
113
113
112
113
112
113
113
113
113
115
113
112
113
112
112
113
112
112
113
113
112
113
113
113
113
113
115
112
113
113
112
112
112
114
114
114
114
113
113
113
113
112
111
113
112
112
113
112
113
113
113
112
112
112
113
112
112
113
113
112
113
112
112
112
113
112
115
112
113
113
112
115
112
113
113
112
