3061
3064
3065
3053
3065
3058
3048
3039
3048
3060
3074
3065
3079
3049
3040
3050
3046
3065
3050
3089
3064
3073
3051
3065
3056
3066
3057
3066
3048
3076
157
159
158
158
156
156
158
157
156
157
160
160
160
161
159
159
159
159
3053
3052
3045
49
3062
3059
144
144
144
144
145
144
144
146
145
147
146
146
215
3048
24
25
25
25
25
25
25
24
24
25
25
26
25
25
26
26
26
27
3047
210
210
209
209
208
210
208
3075
3083
24
26
27
28
28
28
27
28
28
28
28
28
28
26
26
26
26
26
26
26
26
26
26
26
26
26
26
26
26
26
25
26
26
26
25
25
25
25
25
25
25
25
26
26
26
26
26
26
26
26
26
26
26
26
26
26
26
26
26
27
27
28
28
28
1162
2725
3058
3066
13
3089
3093
3080
3058
3066
3080
141
142
142
142
143
141
141
141
141
141
141
141
141
141
140
140
142
141
140
140
141
140
141
140
141
141
142
140
140
140
142
141
140
141
141
141
140
140
141
140
140
140
141
141
140
140
140
140
140
140
141
141
140
140
141
141
141
140
140
141
141
140
141
141
140
141
140
140
141
141
141
141
140
140
140
141
140
141
141
140
141
141
141
141
140
141
141
141
141
141
140
141
140
141
142
141
141
141
141
141
142
141
142
141
142
141
141
141
141
141
142
142
141
141
141
141
141
140
140
140
140
140
141
140
141
140
140
140
140
140
141
42
89
40
41
40
40
40
40
40
40
40
91
40
92
141
141
141
140
141
140
141
141
140
140
140
140
140
140
140
140
141
140
141
140
140
140
139
141
140
140
140
141
140
142
140
140
141
140
140
140
141
140
140
140
140
140
141
141
140
140
140
140
140
141
141
140
140
140
43
88
42
90
141
43
88
140
140
141
140
140
140
140
140
141
141
141
141
140
140
141
140
140
141
141
140
140
140
140
140
141
140
140
140
141
141
140
140
140
141
140
140
140
140
140
140
140
140
140
141
140
140
140
140
141
140
140
140
140
140
140
140
140
140
140
141
141
141
140
140
140
140
140
141
42
42
91
39
41
90
42
41
90
41
40
39
40
42
39
39
40
40
39
92
140
40
40
93
39
40
40
39
40
40
40
39
39
93
141
40
40
41
39
92
133
40
92
140
41
90
41
40
38
40
40
41
39
40
40
39
94
140
140
141
141
142
141
140
142
141
141
141
141
141
140
141
141
142
142
141
142
141
141
143
141
142
140
141
141
141
141
142
141
142
142
142
142
142
142
142
142
143
143
142
142
143
145
213
144
208
145
145
145
145
143
144
146
145
144
147
143
144
144
143
143
146
143
143
143
142
142
142
143
141
142
141
141
141
142
141
141
141
142
141
141
142
142
141
141
142
140
141
141
140
141
140
141
141
140
140
141
141
141
142
141
140
140
141
140
140
141
140
141
140
141
141
140
141
140
140
140
140
140
142
141
141
140
140
141
140
140
141
140
140
140
142
140
140
141
142
141
141
141
142
140
142
142
140
141
140
140
140
140
140
141
141
140
141
140
140
141
140
141
142
141
142
142
142
142
141
142
141
143
144
141
142
141
141
142
142
141
142
141
142
141
142
142
142
143
142
143
142
142
142
143
142
141
142
142
142
142
143
141
141
141
141
142
142
142
141
141
142
142
142
142
142
142
142
141
143
141
142
141
142
142
143
141
142
142
142
141
141
141
142
142
142
141
143
141
142
141
141
141
141
141
141
142
142
142
143
141
142
142
142
142
141
142
142
141
142
141
144
143
142
142
142
141
141
142
142
142
142
142
142
142
142
143
142
143
141
142
142
142
142
142
142
143
141
142
142
143
142
142
142
143
142
143
142
142
142
142
142
143
142
142
142
142
143
142
142
143
143
144
2733
74
59
143
143
142
144
143
142
142
144
142
143
143
143
142
43
43
89
42
91
143
42
91
41
43
91
142
43
91
142
143
142
143
143
142
142
142
145
142
142
142
144
143
143
144
146
144
142
142
142
142
143
142
142
142
142
142
142
143
141
143
141
141
141
142
141
142
142
142
142
142
142
142
141
113
142
142
142
141
141
141
141
141
141
141
141
141
141
141
141
141
142
141
141
141
141
141
141
141
141
141
141
142
141
141
142
141
142
141
141
141
141
141
142
142
142
142
141
141
142
142
142
142
142
142
141
141
142
142
141
142
143
142
142
142
142
143
142
141
143
142
142
142
142
142
142
143
142
142
142
143
142
144
143
142
143
142
142
142
142
142
143
143
142
142
142
143
143
142
143
142
142
142
142
142
143
142
142
143
143
143
142
142
142
142
142
142
142
143
143
143
143
143
143
143
142
142
142
143
142
142
142
44
89
42
43
92
40
42
41
40
40
94
142
42
92
40
143
43
144
144
143
145
145
3062
3064
3054
3075
3071
3066
3059
35
36
36
37
36
36
37
37
36
37
37
36
37
37
36
37
37
37
37
37
37
38
38
39
40
90
38
39
90
37
41
89
40
89
40
90
39
92
38
92
40
90
139
140
140
139
139
140
139
139
139
41
39
92
37
37
39
38
38
38
39
38
39
92
38
92
39
92
39
93
39
93
39
92
141
140
140
140
140
141
140
139
140
140
141
140
141
140
141
140
140
11
141
141
141
142
143
141
141
142
141
142
142
143
142
142
142
142
141
141
142
142
143
142
142
142
142
143
142
142
142
143
141
141
143
141
142
142
141
144
141
143
142
142
141
142
142
142
141
141
141
142
142
142
141
143
142
141
141
141
141
142
142
142
141
141
141
141
141
141
141
141
141
141
141
141
141
141
141
141
141
142
142
141
141
141
142
141
142
141
141
141
141
141
142
141
141
142
141
141
141
142
141
141
141
142
141
141
141
142
141
142
141
142
141
141
141
142
141
142
141
141
141
141
141
142
142
142
141
141
141
141
141
142
142
142
141
141
141
141
142
141
141
141
141
142
141
142
141
141
141
142
141
142
141
141
141
142
141
142
141
142
141
142
141
142
142
141
141
142
141
142
142
143
141
141
141
142
142
141
143
142
141
141
142
142
141
141
141
141
141
141
141
142
141
141
142
141
143
141
141
141
141
141
141
141
141
141
142
141
142
141
141
142
141
141
141
141
141
141
141
142
142
142
141
141
142
141
142
143
144
141
144
141
141
141
141
141
141
141
142
141
141
141
141
141
141
141
141
141
141
143
143
141
141
140
141
141
141
141
141
141
141
141
140
140
140
140
141
141
141
142
140
141
140
140
141
141
142
142
142
142
140
140
142
140
142
141
141
140
140
140
140
141
140
141
141
141
141
141
141
141
141
141
141
141
141
140
141
141
141
141
141
141
141
142
142
141
141
140
143
143
142
141
141
142
141
141
141
141
141
143
141
141
141
143
141
141
141
143
141
140
141
141
141
141
141
140
141
141
141
141
142
140
143
141
141
141
141
141
141
141
142
141
142
141
141
140
141
141
141
141
141
142
141
141
141
143
141
141
141
143
141
141
141
143
141
140
141
141
141
141
141
141
141
143
141
141
143
141
141
140
141
141
141
143
141
141
141
141
142
141
141
141
143
142
142
142
141
143
141
141
142
142
141
141
141
141
142
141
141
141
141
142
141
140
142
141
142
141
142
142
141
141
141
141
143
141
141
141
142
141
141
141
141
140
141
141
141
141
141
141
141
141
141
142
141
141
141
141
141
141
141
141
141
141
141
141
141
140
141
141
141
141
141
141
141
141
141
141
140
141
141
141
141
140
141
141
142
141
142
142
141
141
141
140
141
141
141
141
141
141
141
141
141
141
142
141
140
141
141
141
141
141
141
141
141
141
141
141
141
141
143
141
143
142
143
141
141
142
140
142
141
140
141
141
141
141
141
141
143
143
142
141
141
141
141
141
143
141
141
140
141
141
143
143
141
141
141
141
141
141
141
141
141
141
141
141
141
141
140
141
141
143
141
143
141
143
141
141
141
142
141
140
141
141
141
141
141
141
141
141
141
141
141
140
142
141
141
141
141
140
142
141
141
142
141
140
141
141
141
141
141
140
141
141
141
141
141
142
142
141
141
141
141
141
141
141
141
141
141
140
141
141
141
141
142
142
141
143
141
141
141
141
141
141
141
141
142
142
142
141
141
141
141
140
143
141
142
141
142
141
141
140
140
142
141
141
141
140
141
141
141
142
141
141
141
141
141
141
141
141
142
143
141
141
141
141
140
142
141
141
142
141
141
140
141
141
141
141
140
141
141
141
141
141
141
141
142
141
141
141
142
140
141
141
141
141
141
141
141
141
141
141
142
142
140
141
141
141
141
141
141
141
141
142
141
140
141
141
141
142
141
141
141
141
141
141
142
140
141
141
142
142
141
141
140
141
142
142
142
141
140
141
141
141
141
141
140
141
142
141
142
141
140
141
141
141
141
141
141
141
141
141
141
142
141
141
140
141
141
140
141
141
141
142
141
140
141
142
141
142
142
142
142
141
141
141
142
141
140
141
141
140
142
141
141
141
140
141
141
140
142
141
141
142
141
141
141
141
142
141
141
141
143
141
141
143
141
141
141
141
140
142
142
141
140
141
142
141
141
142
142
140
140
143
142
141
141
143
141
141
141
141
141
141
141
140
141
141
141
141
142
140
141
141
141
142
142
141
141
141
141
141
140
140
140
140
140
141
140
141
140
141
141
142
142
142
141
141
141
141
141
141
141
141
142
143
142
143
143
143
140
140
140
141
141
141
140
140
140
141
140
140
140
140
140
140
140
140
140
140
140
141
141
141
141
141
140
141
140
141
140
141
140
141
141
140
141
140
141
143
141
140
140
140
141
140
140
140
141
140
141
140
140
140
140
140
141
141
140
141
140
141
140
140
140
140
141
140
140
140
140
140
140
140
140
140
140
140
141
141
140
141
141
140
142
141
140
140
141
140
140
140
140
141
140
141
140
140
140
141
141
141
141
141
142
140
140
141
141
141
142
141
142
141
141
141
141
140
142
141
141
140
140
141
141
142
140
141
142
141
140
141
141
140
140
141
141
140
141
141
140
140
140
140
140
141
141
140
141
141
140
140
141
141
140
141
141
141
141
140
141
140
140
141
140
140
141
140
141
140
141
141
141
140
141
141
140
141
140
141
141
141
141
141
140
141
141
140
141
141
142
141
141
141
140
141
140
141
140
141
141
141
141
141
141
141
141
140
140
141
141
142
141
140
142
141
141
140
140
140
140
140
141
140
141
141
140
141
140
141
141
143
141
141
141
140
141
141
141
141
141
140
141
141
141
141
141
140
141
141
141
141
141
141
141
141
141
141
141
141
140
141
141
141
141
141
140
141
141
141
141
141
142
141
141
141
141
141
142
141
141
140
142
141
141
143
143
141
141
141
142
141
142
141
141
141
141
141
142
142
141
141
141
141
142
141
141
141
140
141
141
141
141
143
140
141
141
143
141
141
141
141
141
141
140
141
141
141
141
141
141
141
141
142
142
143
141
141
141
141
141
140
141
141
143
141
143
141
141
141
141
143
143
143
141
143
141
141
141
141
143
141
143
143
141
142
141
141
141
141
142
143
141
141
141
141
141
141
141
141
141
141
142
141
141
141
141
142
141
141
141
141
142
142
141
143
141
141
141
142
141
141
141
141
141
141
141
141
141
141
141
140
142
141
141
141
141
141
141
140
141
141
141
142
141
141
141
141
141
141
141
141
141
141
143
141
143
141
142
141
141
142
143
141
141
140
143
141
143
141
141
141
141
141
141
142
141
141
141
141
141
140
141
141
141
141
141
141
141
142
142
141
141
141
141
142
143
141
141
141
141
141
142
141
141
141
141
143
141
141
1