3039
3057
3047
3020
3055
3032
3050
3038
3043
3027
3067
3037
3068
3058
3036
3050
3038
3031
3064
3037
3039
3082
3036
3049
3040
3060
3041
3027
3035
3040
3032
3017
3043
3046
3062
3050
10
3045
12
3093
3047
3048
3054
3063
3052
3064
3041
3062
11
3046
3061
3025
3050
3041
3069
3060
3083
3071
3075
3080
3044
2994
3035
3035
3047
3053
3053
3069
3041
3032
5
7
7
7
7
7
7
7
7
8
7
7
8
7
7
7
7
7
7
7
9
7
7
8
7
8
8
7
8
8
9
9
9
8
9
9
9
9
9
9
9
9
10
8
3051
7
3039
41
41
41
42
41
41
41
42
3039
3044
3059
3058
3039
55
55
55
54
55
55
56
55
56
3035
54
57
3058
55
56
56
57
3038
53
54
54
54
54
54
54
54
54
53
54
54
54
53
54
54
53
54
54
54
53
54
54
54
53
54
54
54
54
54
54
54
55
54
54
54
54
54
55
54
54
54
54
54
54
56
54
54
54
54
54
54
55
55
54
55
55
54
54
54
54
54
54
54
54
54
53
54
54
55
54
55
54
54
53
53
53
54
54
54
53
53
53
54
53
53
53
54
54
54
55
55
54
54
53
53
54
54
54
53
53
53
53
54
54
53
54
53
53
54
53
53
54
54
53
53
53
54
53
53
53
53
53
53
53
53
54
54
53
53
53
54
53
53
53
53
53
54
54
53
53
53
53
53
53
53
53
53
53
53
54
53
53
53
53
53
54
53
54
54
54
54
54
53
54
54
53
53
54
53
53
53
54
53
53
53
53
53
53
53
54
53
53
53
53
53
53
53
54
53
53
53
53
53
53
53
53
54
54
53
53
53
53
53
53
53
53
53
53
53
53
53
53
53
54
53
53
53
54
54
54
53
54
54
53
53
54
53
53
53
53
54
53
53
54
53
53
53
53
53
53
53
53
53
53
54
53
54
53
53
53
53
53
53
53
53
53
53
53
53
54
54
53
54
53
53
53
53
53
53
54
54
54
54
54
54
54
54
54
53
54
54
54
53
54
54
53
53
53
54
54
54
54
53
53
54
54
53
54
54
54
53
54
54
53
53
53
53
53
53
53
53
53
53
53
53
54
54
54
54
54
54
54
54
53
54
53
53
53
54
53
53
53
54
53
53
53
53
53
53
53
53
53
53
53
53
53
53
53
54
53
53
54
53
53
54
53
53
53
54
53
53
54
53
53
54
53
54
53
53
53
53
54
54
53
53
54
53
54
54
54
54
54
55
55
186
252
253
253
57
56
55
55
54
55
54
54
54
54
53
54
54
55
54
54
54
54
54
54
53
54
54
54
54
54
55
55
54
54
54
55
55
56
56
57
59
59
57
57
57
55
57
57
129
57
57
58
57
57
60
58
57
56
56
55
56
58
57
57
56
59
141
59
142
100
143
100
141
142
140
100
145
100
142
140
99
100
100
99
100
98
56
56
56
56
55
55
55
56
55
54
54
55
55
55
55
56
54
54
54
54
54
55
55
54
56
55
55
55
55
55
54
55
55
55
55
54
54
55
54
54
54
55
55
55
56
54
54
53
54
54
54
54
54
54
54
54
54
55
55
55
55
56
54
56
56
56
56
55
55
55
55
54
55
54
55
55
55
54
55
56
56
55
55
55
55
57
55
55
56
56
55
57
56
55
55
55
55
55
55
54
55
57
55
55
58
58
57
102
54
55
55
56
55
56
55
55
56
55
56
56
56
55
56
55
55
55
55
56
55
56
57
57
56
54
54
57
55
57
55
55
55
55
55
56
55
55
55
57
56
55
55
55
56
57
55
55
55
56
55
56
56
55
56
55
55
57
55
57
56
55
55
57
57
57
55
56
56
56
56
56
57
57
56
56
57
57
55
57
56
55
55
56
56
56
56
57
55
55
55
57
57
55
55
56
55
55
57
55
55
56
55
55
55
55
56
55
55
55
56
56
56
57
55
55
55
55
55
56
55
55
56
55
55
57
55
55
55
55
55
57
56
56
56
56
55
55
55
56
55
55
55
55
55
57
57
55
55
55
55
55
56
57
55
56
55
55
57
56
55
56
56
55
55
56
56
55
56
56
55
55
56
56
55
56
56
57
57
57
56
57
56
56
56
56
55
55
55
55
56
56
55
56
56
57
57
56
57
57
55
55
56
56
56
56
56
56
57
55
55
55
55
57
57
55
56
55
55
55
55
56
55
55
55
55
55
56
55
55
55
55
55
56
55
55
55
56
55
56
55
55
56
56
55
56
56
56
56
56
55
55
55
57
56
56
56
56
56
57
55
56
57
55
55
57
55
55
55
55
57
55
55
55
55
57
57
55
55
56
57
55
55
57
56
56
56
56
55
57
57
56
56
56
56
56
55
56
56
55
55
55
55
56
56
55
55
55
55
55
56
56
55
55
55
55
55
56
56
56
55
55
56
55
55
55
55
55
55
56
55
55
55
55
55
55
55
55
55
55
56
56
56
56
56
56
55
57
57
56
56
56
56
56
56
56
56
55
55
55
55
55
56
55
55
56
57
56
56
56
55
55
55
55
56
56
55
56
58
58
57
57
57
57
57
57
57
55
55
58
58
56
56
57
57
55
56
57
58
56
56
56
55
55
56
57
56
57
57
56
55
55
55
57
56
57
57
56
56
56
57
56
56
55
56
57
56
57
56
56
56
56
56
55
55
55
55
57
55
57
56
56
56
56
56
58
55
58
56
56
55
55
55
56
58
56
56
55
56
56
55
56
58
55
56
56
56
56
56
56
56
56
56
56
56
56
56
56
58
56
56
56
56
56
56
56
55
58
56
56
56
55
55
57
55
57
56
56
56
56
56
58
55
56
56
56
56
55
57
55
56
56
55
56
56
55
57
57
56
55
55
55
55
57
55
56
57
57
57
57
57
57
56
55
55
56
56
58
56
56
56
56
55
56
55
58
56
56
56
57
57
56
55
55
56
56
58
56
56
56
56
55
56
58
56
56
56
56
56
55
57
58
56
56
56
57
56
56
55
57
57
56
56
56
56
56
56
55
55
56
56
55
55
55
55
57
56
56
57
57
57
55
55
57
56
56
57
55
55
55
55
56
56
56
57
56
57
55
55
55
57
57
57
57
57
57
55
55
57
57
57
57
57
57
57
55
55
56
56
56
57
57
57
55
55
55
56
56
56
56
55
55
55
56
56
56
56
55
56
56
56
56
56
55
56
55
56
56
56
56
55
56
55
56
56
56
56
57
56
55
56
57
56
55
56
55
56
56
55
55
55
55
56
56
55
55
55
55
55
56
56
55
55
55
55
56
56
56
56
56
57
57
57
57
56
56
56
56
57
56
55
56
56
57
55
55
55
55
57
56
57
55
55
55
55
55
57
57
55
55
55
55
55
55
56
55
55
55
56
55
55
55
55
55
55
55
55
55
55
55
55
55
55
55
55
56
56
56
55
55
56
56
56
56
56
56
55
56
56
55
56
56
56
56
56
55
55
56
55
56
56
57
55
55
55
56
55
56
56
55
55
55
55
57
57
55
55
55
55
56
55
55
55
55
55
55
55
55
55
55
55
55
55
55
55
55
56
55
55
55
55
55
55
55
55
54
55
55
55
55
55
55
56
55
55
55
55
55
55
55
55
55
55
55
55
56
55
55
56
55
56
55
55
56
56
56
56
56
56
56
56
56
56
55
56
55
55
55
55
55
56
55
55
55
55
55
56
55
55
55
55
55
56
56
56
55
55
56
56
56
56
56
55
55
55
55
56
56
55
55
55
55
55
56
55
55
55
55
55
56
55
55
55
56
55
56
55
55
55
55
55
56
55
55
55
55
55
56
55
55
55
55
55
55
55
55
55
55
55
55
55
55
55
55
55
55
55
55
55
55
55
55
55
55
55
55
55
55
55
55
55
55
55
55
55
55
55
55
55
55
55
55
55
55
55
55
55
55
55
55
55
55
55
55
55
55
55
55
55
55
55
55
55
55
55
55
55
55
55
55
55
55
55
55
55
55
55
55
55
55
55
55
55
55
55
55
55
55
55
55
55
55
55
55
55
55
55
55
55
55
55
55
55
55
55
55
55
55
55
55
55
55
55
55
55
55
55
55
55
55
55
55
55
55
56
55
55
55
55
55
55
55
55
55
55
55
55
55
55
55
55
55
55
55
55
55
55
55
55
55
55
55
55
55
55
55
55
55
55
55
55
55
55
55
55
55
55
55
55
55
55
55
55
55
55
55
55
55
55
55
55
55
55
55
56
55
55
57
55
55
56
56
56
55
56
56
55
56
55
55
56
56
56
56
56
56
56
56
56
56
56
56
56
56
56
56
55
56
55
56
56
55
56
56
56
56
55
55
55
56
56
55
55
55
55
56
55
55
55
55
55
58
55
56
56
55
55
56
56
56
56
56
56
56
56
56
56
56
55
56
55
55
55
55
55
55
55
55
55
55
55
56
56
55
57
56
57
56
55
55
56
56
56
56
55
56
56
56
56
56
55
56
55
56
56
55
57
56
56
55
56
56
56
56
56
56
55
56
56
55
56
57
56
57
55
55
56
56
55
57
55
55
56
56
56
56
56
56
55
56
56
56
56
56
56
56
56
56
56
56
56
56
56
55
56
56
56
56
56
56
56
55
56
56
55
56
57
56
56
55
56
56
55
56
56
56
55
55
56
55
57
56
57
55
55
55
56
56
57
55
55
55
55
55
55
55
55
55
55
55
55
55
55
55
55
55
55
55
55
55
55
55
55
55
55
55
55
55
55
55
55
55
55
55
55
55
55
55
55
55
55
55
55
55
55
55
55
55
56
55
55
55
55
55
55
55
55
55
55
55
55
55
55
55
55
55
55
55
55
55
55
55
55
55
55
55
55
55
55
55
55
55
55
55
55
55
55
55
55
56
55
56
56
56
56
56
55
56
56
56
56
55
55
55
57
55
55
55
55
55
55
55
55
55
55
55
55
55
55
55
55
55
55
55
55
55
56
55
55
55
56
56
56
56
56
55
55
55
55
55
55
55
55
55
55
55
55
55
55
55
55
55
55
55
55
55
55
55
55
55
55
55
55
55
55
55
55
55
55
55
55
55
55
55
55
55
55
55
55
55
55
55
55
55
56
55
55
55
55
55
57
56
56
56
55
57
57
56
56
56
56
56
55
55
55
55
55
55
55
55
55
55
55
55
55
55
55
56
55
55
55
55
55
55
55
55
55
55
55
55
55
55
55
55
55
55
55
55
55
55
55
55
55
55
55
55
55
55
55
55
55
57
55
55
55
55
55
57
55
55
55
55
55
55
55
55
55
57
55
57
55
55
55
55
57
55
56
55
55
55
57
57
57
57
57
56
55
56
55
56
55
57
55
55
55
57
57
55
57
55
55
55
56
56
55
57
55
55
55
56
56
56
55
56
56
56
55
55
56
56
55
56
56
56
56
56
55
55
55
56
55
55
55
56
56
55
56
55
55
55
56
55
55
55
55
55
55
56
56
55
55
55
56
56
55
56
55
55
55
55
55
56
55
55
55
55
56
56
55
55
55
55
55
56
55
55
55
56
55
55
55
55
55
57
55
56
56
56
55
55
56
55
55
55
55
55
55
55
56
55
56
56
55
56
56
56
55
55
55
56
56
56
55
57
55
55
57
57
57
55
56
55
55
55
56
57
57
57
55
55
55
57
55
57
57
55
55
55
57
57
56
56
57
55
55
55
55
57
57
57
55
55
55
55
56
56
56
55
55
55
57
57
56
57
57
56
55
55
56
56
57
57
55
55
55
57
57
57
55
55
55
55
55
56
56
56
55
55
56
57
57
57
57
57
55
55
55
57
57
56
57
57
56
55
55
57
56
56
55
56
56
55
55
56
56
56
56
56
56
55
56
56
56
56
56
56
56
55
55
56
56
56
56
56
55
55
56
56
56
56
56
56
55
55
56
56
56
56
56
55
56
56
57
55
56
56
56
56
55
56
56
56
56
56
56
57
55
56
57
55
56
56
56
57
55
56
56
56
56
56
56
56
55
55
55
55
56
56
55
55
55
55
56
58
56
56
55
55
55
55
56
56
56
55
55
55
56
56
56
55
55
55
55
55
55
55
55
55
55
55
55
55
57
57
55
56
55
57
55
55
55
55
56
56
55
55
55
55
55
55
57
57
56
55
55
55
55
58
56
57
55
55
55
55
55
58
57
57
56
55
55
55
55
58
57
57
55
55
55
57
57
55
57
57
57
55
56
56
57
55
57
56
56
57
55
55
55
55
57
56
55
55
56
55
55
57
56
57
56
55
55
55
55
55
55
55
55
55
55
55
55
55
55
55
55
57
56
55
55
55
55
56
56
56
55
55
55
55
55
56
56
55
55
55
55
55
55
55
55
55
55
55
55
55
55
56
56
56
56
56
55
55
55
55
55
56
56
55
55
55
55
56
55
55
55
55
56
57
58
55
55
55
55
55
57
56
57
57
57
57
56
55
55
57
56
57
56
55
55
55
55
55
55
55
55
55
55
55
55
55
55
55
55
55
55
55
57
55
56
56
57
56
56
56
57
55
56
56
55
56
57
56
57
56
55
57
55
56
57
57
55
55
55
56
55
57
56
55
55
55
55
55
57
57
55
55
55
55
56
55
55
55
55
55
55
57
56
55
55
55
56
55
55
55
55
56
57
55
57
56
57
57
55
55
55
55
57
56
57
56
55
55
56
57
57
57
56
56
57
56
55
55
55
57
56
56
56
57
57
56
56
56
56
55
55
56
56
56
56
56
56
55
56
56
57
56
57
57
56
56
55
56
56
57
55
55
56
57
56
56
56
57
56
56
56
56
56
56
56
57
55
55
56
55
56
57
55
57
55
56
55
56
56
56
56
57
57
56
55
57
55
57
57
57
55
55
55
55
57
56
56
57
55
55
55
55
57
56
55
55
57
55
55
57
56
56
57
55
55
55
55
57
57
57
55
55
55
55
55
55
55
55
55
55
57
56
57
55
55
55
55
57
57
57
55
55
55
55
55
56
55
55
55
55
55
55
55
55
55
55
57
56
55
55
57
55
55
55
55
55
55
57
55
55
55
55
55
55
55
55
55
55
55
55
55
55
55
55
55
55
55
55
55
55
55
55
55
55
55
56
56
56
56
55
55
55
56
56
56
55
55
55
56
57
56
56
55
55
55
55
56
56
55
55
55
55
56
56
56
55
55
55
55
55
55
56
55
55
55
56
56
56
55
55
55
55
56
56
56
55
55
55
56
56
56
56
55
55
55
55
55
56
56
55
55
55
55
56
56
55
55
55
55
55
56
56
55
55
55
55
56
55
56
56
56
56
56
55
56
56
57
55
57
56
57
55
55
57
57
57
57
56
57
56
55
55
57
56
56
57
57
57
57
57
55
57
57
57
55
57
57
57
55
55
57
56
56
56
56
56
56
55
56
56
56
55
56
56
56
55
55
55
56
56
56
56
56
55
55
55
55
56
56
55
55
55
56
56
56
56
55
55
55
55
55
56
56
55
55
55
56
56
5