3046
3047
3050
3079
3063
3040
3095
3066
3068
3055
3055
3048
3020
3053
3045
3067
3067
178
178
3043
7
8
8
9
9
9
9
9
9
11
12
3054
9
3065
9
13
13
3064
3056
1652
3074
3061
3059
3063
3066
7
10
9
10
10
10
10
10
10
10
10
10
11
12
3030
6
8
8
9
9
9
9
9
9
9
10
9
10
10
10
8
3078
5
8
8
9
9
9
8
9
9
9
9
9
9
9
10
10
10
10
11
11
11
11
11
3078
9
10
9
9
9
8
8
7
7
7
6
7
7
6
6
6
6
7
7
6
6
6
7
7
7
6
6
6
6
7
6
6
6
6
6
6
6
6
6
6
6
6
7
7
6
6
6
6
6
6
6
7
7
7
7
7
6
7
6
6
6
6
6
6
6
5
6
6
6
6
6
6
6
7
8
9
11
8
6
6
5
5
5
5
5
5
6
7
8
9
12
12
7
8
6
5
7
6
6
6
6
5
5
6
5
5
5
5
5
5
6
5
6
5
5
5
5
5
5
5
5
5
6
5
5
5
5
5
5
5
5
5
5
5
5
5
5
5
5
5
5
5
5
5
5
5
5
6
6
6
6
6
6
6
6
6
6
6
6
6
6
6
6
7
7
7
7
7
7
7
6
6
7
5
6
6
6
5
5
6
6
5
6
6
6
6
6
6
6
6
7
6
6
6
7
7
7
8
8
8
8
8
8
9
8
9
8
8
8
8
8
8
8
8
9
9
8
8
8
8
8
7
7
7
7
8
8
8
7
7
7
7
7
7
7
7
7
8
8
8
7
7
7
7
7
8
8
8
8
8
10
8
9
8
8
8
8
8
8
8
3051
3043
4
7
7
8
8
6
8
6
7
8
3083
4
8
7
7
7
7
7
7
7
7
7
7
7
7
7
7
7
8
8
8
8
8
8
8
8
7
7
7
7
7
7
7
7
7
7
6
7
7
7
7
7
7
7
7
7
7
7
6
7
6
7
7
7
7
7
7
7
7
7
6
5
5
5
4
4
4
4
4
4
5
5
5
5
5
5
5
5
5
5
5
5
5
6
6
6
6
6
6
6
6
6
6
7
7
7
7
8
7
7
6
7
7
7
7
7
7
7
7
7
8
8
7
7
8
8
8
8
7
7
7
7
7
7
7
7
6
6
6
6
6
6
6
6
6
6
6
7
6
7
6
6
6
7
6
6
6
6
6
6
6
6
6
6
6
6
6
6
6
6
6
6
6
5
5
5
6
6
6
6
6
6
6
6
6
6
6
6
6
6
6
5
5
5
6
6
6
6
6
5
5
5
5
5
5
5
6
6
5
5
5
5
5
5
5
5
5
5
5
5
5
5
5
5
5
5
6
5
5
6
5
5
5
5
5
5
5
5
5
5
5
5
5
5
5
5
4
4
5
5
5
5
5
5
5
5
5
5
5
5
5
5
5
5
5
5
5
5
5
5
6
6
6
6
6
6
6
6
6
8
7
7
7
3040
5
7
7
8
7
7
7
7
7
7
8
7
8
7
7
9
7
7
8
7
8
7
7
7
7
7
8
7
7
7
8
6
8
8
8
7
7
7
7
7
8
7
8
7
7
7
7
8
7
7
8
7
8
7
8
8
7
7
7
7
7
6
7
7
6
7
7
6
6
7
7
7
7
7
7
8
7
7
8
8
8
8
8
8
8
8
8
8
9
9
9
10
10
3025
6
9
9
9
9
9
8
9
9
9
9
9
8
8
9
9
9
9
8
8
8
8
8
9
9
9
9
9
9
13
12
18
11
3064
6
3062
3
7
6
4
8
7
6
6
6
6
6
6
6
6
6
7
3
7
7
7
7
7
7
7
6
8
8
6
6
6
6
7
7
7
7
7
7
7
7
7
8
7
7
7
7
7
7
7
7
7
7
7
8
4
8
8
7
4
8
6
6
5
5
5
5
3
5
5
3
3
3
3
3
3
3
3
3
3
3
3
3
3
3
3
3
3
3
3
3
3
3
6
6
6
5
5
3
3
3
3
3
3
3
3
3
3
3
6
6
3
3
3
3
3
3
3
6
3
3
3
3
3
3
3
3
3
3
3
3
3
3
3
3
3
3
3
3
3
4
4
4
4
4
4
4
4
4
4
4
4
5
5
5
6
6
6
6
7
7
7
8
9
8
3010
4
8
3068
112
111
113
110
114
113
113
3049
3080
3059
3055
3054
3033
3063
123
124
122
123
121
122
121
122
122
124
125
123
122
123
124
126
129
3046
3058
3059
3074
3072
3063
9
3097
10
3063
9
11
12
12
11
12
12
12
12
12
12
12
12
12
12
12
12
3068
9
10
14
12
10
10
12
9
12
13
13
12
12
12
12
10
11
11
12
11
10
11
11
12
11
11
10
10
10
10
10
10
10
11
11
10
10
9
10
10
10
10
11
11
12
3044
9
12
11
11
12
11
11
11
11
11
11
11
11
10
12
11
12
11
12
11
10
12
12
10
12
12
11
12
11
11
11
11
12
11
11
11
11
11
11
11
11
11
11
11
11
11
11
11
11
11
11
11
11
11
11
11
11
12
12
12
12
12
12
12
12
12
12
12
11
11
11
11
11
11
11
11
12
3037
10
11
11
11
11
11
11
11
11
11
11
11
11
11
11
11
11
11
11
11
11
11
11
11
11
11
11
11
11
11
11
11
11
11
11
11
11
11
11
11
11
11
11
11
11
11
11
11
11
11
11
11
11
11
11
11
11
11
11
11
11
11
11
11
11
11
11
11
11
11
11
11
11
11
11
11
11
11
11
11
11
11
11
11
11
11
11
11
10
10
10
10
10
10
11
11
11
11
11
11
10
10
10
10
10
10
10
10
10
10
10
10
10
10
11
11
11
11
11
11
11
11
11
11
11
11
11
11
10
10
10
10
10
10
10
10
10
10
10
10
10
10
10
10
10
10
10
10
10
10
10
10
10
10
10
10
10
10
10
10
10
10
10
10
10
10
10
10
10
10
10
10
10
10
10
10
10
10
10
10
10
10
10
10
10
10
10
10
10
10
10
10
11
11
11
11
11
11
11
11
11
11
11
11
11
11
11
11
11
11
11
11
11
11
11
11
11
11
11
11
11
11
11
11
11
11
11
11
11
11
11
11
11
11
11
11
11
11
11
11
11
11
11
11
11
11
11
11
11
11
11
11
11
11
11
11
11
11
11
11
11
11
11
11
11
11
11
11
11
11
11
11
11
10
10
10
10
10
10
10
10
10
10
10
10
10
10
10
10
10
10
10
10
10
10
10
10
10
10
10
10
10
10
10
10
10
10
10
10
10
10
10
10
10
10
10
10
10
10
10
10
10
10
10
10
10
10
10
10
10
10
10
10
10
10
10
9
9
10
9
10
9
10
9
9
9
9
9
9
9
9
9
9
9
9
10
9
9
9
9
9
9
9
9
9
9
9
9
9
10
10
10
10
10
10
10
10
10
10
10
10
10
10
10
10
10
10
10
10
10
10
10
10
10
10
10
10
10
10
10
10
11
11
11
11
11
11
11
11
11
11
14
14
13
11
11
11
11
12
13
14
14
12
13
12
13
14
14
83
83
17
18
16
17
47
83
20
18
17
82
82
82
83
83
83
82
83
82
83
82
83
83
83
83
82
82
83
83
83
82
83
83
82
83
83
83
84
83
84
84
84
83
84
84
84
84
84
84
84
84
84
84
84
84
84
84
83
84
83
84
84
83
83
83
83
83
83
82
83
83
83
83
83
83
83
84
84
83
83
83
83
83
83
83
84
84
84
83
83
83
83
83
83
83
83
83
83
83
83
83
83
83
83
83
83
83
83
83
83
83
83
83
83
83
83
84
84
84
84
84
84
84
83
83
83
83
83
83
83
83
83
83
83
83
83
83
83
83
83
83
83
83
83
83
83
83
83
83
83
83
83
83
83
83
83
83
83
83
83
83
84
83
83
83
83
83
83
83
83
83
83
83
83
83
83
83
83
83
83
83
83
83
83
83
83
83
83
83
83
83
83
83
83
84
83
83
83
83
83
83
83
83
84
83
84
83
83
84
83
84
84
83
84
84
84
84
83
84
84
84
83
84
83
84
83
83
83
83
83
83
84
83
84
83
83
83
83
83
83
83
83
83
83
83
83
83
83
83
83
83
83
83
83
83
83
83
83
83
84
84
84
84
83
83
84
83
84
84
83
83
83
83
83
83
24
24
23
25
25
54
84
83
84
84
85
85
84
84
84
85
84
84
84
84
85
84
83
83
83
83
83
84
85
83
84
83
84
85
83
83
85
84
84
84
83
85
84
83
85
85
85
84
83
83
83
83
83
84
83
84
84
83
83
83
84
84
84
84
84
84
84
83
83
84
83
84
83
83
83
83
84
83
83
83
84
83
84
83
83
83
83
83
83
83
84
84
84
84
84
84
84
84
83
83
83
83
83
83
83
84
84
84
84
84
84
85
84
83
84
85
84
85
85
83
84
83
84
84
84
84
85
84
84
84
84
84
84
84
84
84
84
84
84
84
83
84
83
84
84
84
85
84
84
84
84
84
85
83
85
83
83
84
83
83
83
84
84
84
84
83
84
84
85
85
84
83
84
85
84
85
84
85
85
83
85
85
83
84
84
84
84
84
84
84
84
84
84
83
84
83
84
83
84
83
84
84
83
83
84
83
83
83
83
83
83
83
83
83
83
83
83
83
83
83
84
83
84
83
83
84
84
84
84
83
83
83
83
84
85
84
84
83
83
83
83
83
83
83
83
83
83
83
84
83
84
83
83
83
83
84
85
84
83
83
83
85
84
84
84
85
83
85
84
85
84
84
83
85
84
85
84
85
84
85
84
84
84
84
84
85
84
84
83
84
82
83
83
83
84
84
84
84
83
84
84
84
83
85
83
83
83
83
83
83
83
84
83
83
83
83
83
83
83
83
83
84
83
83
83
83
83
84
84
83
84
84
83
84
83
83
83
83
82
83
83
83
83
83
83
84
83
83
83
83
83
83
83
83
83
83
83
82
83
83
83
83
83
83
82
83
83
83
83
83
83
83
83
83
83
83
83
83
84
83
84
83
84
83
84
84
84
84
85
84
85
84
84
83
84
83
84
84
83
83
83
83
83
84
83
84
84
84
84
83
84
84
84
84
83
83
83
84
83
83
83
83
83
83
83
83
84
84
83
83
84
84
84
84
84
83
83
84
84
84
84
84
84
84
84
84
84
84
84
84
84
84
84
84
84
84
84
84
84
84
83
84
84
84
84
84
83
85
85
85
84
84
84
84
83
84
84
84
84
84
84
84
84
84
84
84
84
82
83
84
84
84
84
84
84
84
85
84
84
84
84
84
84
84
84
84
83
84
84
83
84
84
84
84
84
84
84
84
84
84
84
84
84
84
84
84
84
84
84
83
84
83
85
83
84
84
83
83
83
83
83
83
83
84
83
83
84
83
83
83
83
83
85
83
84
83
83
83
83
83
83
83
83
84
83
83
83
83
83
83
83
84
84
84
84
84
84
84
84
84
84
84
84
84
84
84
84
84
84
84
84
84
84
85
84
84
84
84
84
84
84
84
84
84
85
84
84
85
84
84
84
84
84
84
84
85
84
84
84
84
84
84
84
84
84
85
85
85
84
84
85
84
84
84
84
85
85
83
84
83
85
85
83
85
83
83
83
83
85
84
83
84
84
83
83
83
85
83
85
83
84
83
85
83
84
83
83
83
84
85
84
84
84
84
84
83
83
83
84
85
84
84
84
83
85
83
84
84
84
84
84
84
84
84
84
84
84
84
84
85
84
84
85
84
84
83
83
84
84
84
84
84
83
84
84
84
84
84
84
84
84
84
84
84
84
84
84
85
84
84
84
84
84
83
84
84
85
84
84
84
84
84
84
84
84
85
84
84
84
84
84
84
84
84
84
84
84
84
84
83
83
84
84
84
84
84
84
83
83
83
83
83
83
83
84
84
85
84
85
84
84
84
84
84
84
84
85
84
83
83
83
85
84
85
84
85
83
83
84
84
84
85
84
84
84
85
84
84
84
84
84
84
84
84
85
84
84
86
84
84
84
85
83
83
84
85
84
85
83
83
84
85
84
85
84
85
84
85
84
85
84
85
83
83
84
85
84
84
84
84
85
83
84
84
85
83
84
84
85
83
84
84
85
83
84
84
85
85
85
85
85
84
84
84
84
84
84
84
86
84
84
85
85
84
85
85
84
84
84
85
84
85
84
85
84
85
85
85
84
86
86
85
86
86
85
85
85
84
85
84
85
86
85
85
85
85
85
85
86
84
84
84
85
84
85
84
85
84
85
84
85
84
84
86
86
86
86
86
86
86
86
86
85
84
86
85
86
86
84
86
84
85
84
86
85
85
85
85
84
84
85
84
84
85
84
85
85
85
84
84
84
84
84
84
86
86
86
86
85
86
86
86
86
86
86
86
85
85
85
85
87
87
86
86
86
86
87
86
86
87
87
87
87
87
85
87
85
86
85
85
86
86
86
86
87
87
85
85
85
85
85
84
86
84
85
87
85
85
85
86
84
85
84
85
84
84
84
85
84
85
85
84
85
85
84
85
85
85
85
85
85
85
86
84
84
84
84
84
85
85
85
85
85
85
85
84
83
83
83
83
83
83
83
83
84
86
84
83
84
85
84
83
84
86
84
83
84
84
84
84
84
84
84
84
84
84
84
84
85
84
84
85
83
84
83
84
83
83
83
83
83
83
85
83
85
83
85
83
85
83
85
83
84
83
83
83
83
83
84
83
83
84
83
84
83
83
83
83
83
83
84
84
83
84
84
84
84
83
84
84
84
83
83
84
84
83
84
84
84
84
84
83
83
83
83
83
83
85
83
85
83
83
83
83
83
84
83
84
84
83
85
83
85
83
85
83
83
83
83
84
84
83
83
84
84
83
83
83
83
83
83
83
83
84
84
84
83
84
84
83
83
83
83
84
83
84
85
83
85
83
83
83
83
84
83
83
83
85
83
84
83
83
83
83
83
83
83
83
83
82
83
83
84
83
84
83
84
83
84
83
83
83
83
83
83
83
83
84
83
82
84
83
84
84
84
83
84
83
83
83
84
83
83
83
84
84
84
84
84
84
84
83
85
83
84
83
85
83
83
83
83
84
85
84
84
83
83
84
83
84
83
83
83
84
83
83
83
82
83
82
83
84
84
84
83
83
83
83
83
82
83
83
84
84
83
83
83
82
83
84
84
84
83
84
84
83
84
83
84
84
84
84
84
83
83
83
83
83
83
84
83
82
82
83
83
83
84
83
84
83
84
83
83
82
83
84
83
83
82
84
83
83
84
83
84
82
83
82
83
83
83
84
83
83
82
83
83
83
82
83
83
83
82
82
83
82
83
84
82
84
83
84
84
83
83
83
83
83
83
83
83
83
83
83
83
82
82
83
83
83
83
83
83
82
83
83
83
83
83
83
83
83
83
83
83
84
85
84
84
84
84
84
83
85
84
83
84
84
85
85
84
84
84
84
84
84
84
84
83
84
84
85
83
83
83
83
84
83
84
85
83
83
84
83
83
84
83
83
83
84
84
85
84
85
83
84
84
84
84
85
84
84
84
84
84
84
84
84
85
83
84
83
83
83
84
84
83
83
84
83
84
84
85
83
85
83
85
85
85
83
84
84
84
84
84
84
84
84
83
84
83
83
83
84
84
83
84
84
84
84
84
84
83
83
83
83
83
83
83
82
83
83
83
83
82
83
83
83
83
83
83
83
83
83
83
83
83
83
83
83
83
83
83
83
83
83
83
83
84
83
84
84
84
84
84
84
83
84
84
84
83
85
84
83
84
83
84
83
83
83
83
83
83
84
83
84
83
84
82
83
83
83
83
83
84
82
83
83
83
83
83
85
83
83
83
83
83
84
83
84
83
84
83
84
83
83
84
83
83
83
83
83
83
83
83
83
84
83
83
83
83
82
82
82
83
83
83
84
85
85
85
84
84
83
84
84
84
84
84
84
84
84
84
84
84
84
84
84
84
84
84
84
84
84
84
83
84
83
84
83
84
83
83
84
84
84
84
84
83
84
83
84
83
84
83
83
83
84
83
84
85
84
84
84
83
84
84
83
84
84
83
84
83
84
83
84
83
83
83
83
83
83
84
83
84
83
84
83
84
83
83
83
83
83
83
83
83
83
83
83
84
83
84
83
